5030 100 0 0 39
0 -64 10 2
670 -64 30 2
1850 -64 2 2
2100 -64 40 2
3400 -64 1 2
3467 -64 1 2
3532 -64 1 2
3598 -64 1 2
3665 -64 1 2
3732 -64 31 2
4990 -64 2 2
0 50 9 3
100 200 9 3
1000 50 1 1
1150 100 1 1
1300 150 1 1
1500 0 3 6
2140 0 26 1
2235 70 23 1
2300 140 21 1
2364 210 18 1
2940 0 1 3
2940 140 1 10
3700 100 3 2
4000 0 9 1
4032 32 7 1
4064 64 5 1
4096 96 3 1
4128 128 1 1
4400 0 10 1
4432 32 9 1
4464 64 8 1
4496 96 7 1
4528 128 6 1
4560 160 5 1
4592 192 4 1
4624 224 3 1
4656 256 2 1
4688 288 1 1
